TILEMAP
40 22 							-- Size of tile map in tiles
32 34 							-- Tile size & block size
images/ground2.png 	-- Tilesheet
2 2 								-- Number of tiles in tilesheet
1111111111111111111111111111111111111111
11                                    11
11                                    11
11                                    11
11                                    11
11                                    11
11              11  111               11
11                  111111            11
11                                    11
11       111                          11
11       1111111111111111111111       11
33       3333333333333333333333       33
33       333                          33
33                                    33
33                       333333       33
33                                    33
33                                    33
33                                    33
33                                    33
33                                    33
33                                    33
3333333333333333333333333333333333333333